00000000000000000000000000
00000000000000000000000000
00110011001100110011001100
00110011001100110011001100
00110011001100110011001100
00110011001100110011001100
00110011001122110011001100
00110011001122110011001100
00110011001100110011001100
00110011000000000011001100
00110011000000000011001100
00000000001100110000000000
00000000001100110000000000
11001111000000000011110011
22001111000000000011110022
00000000001100110000000000
00000000001111110000000000
00110011001111110011001100
00110011001100110011001100
00110011001100110011001100
00110011001100110011001100
00110011000000000011001100
00110011000000000011001100
00000000000111100000000000
00000000000199100000000000
00000000000199100000000000